alpha,l1,l2,lr,wd,AUC,nDCG,KT
1.0,0.0,0.1,0.01,0.1,0.985448,0.968891,0.338697
1.0,0.0,0.1,0.01,0.01,0.982026,0.968418,0.285224
1.0,0.0,0.1,0.01,0.001,0.981316,0.970743,0.32127
1.0,0.0,0.1,0.01,0.0001,0.983795,0.968789,0.426182
1.0,0.0,0.1,0.001,0.1,0.983054,0.970499,0.376677
1.0,0.0,0.1,0.001,0.01,0.982954,0.972432,0.386471
1.0,0.0,0.1,0.001,0.001,0.982907,0.971857,0.31677
1.0,0.0,0.1,0.001,0.0001,0.98139,0.971767,0.358718
1.0,0.0,0.1,0.0001,0.1,0.982723,0.969579,0.280573
1.0,0.0,0.1,0.0001,0.01,0.981671,0.970515,0.312127
1.0,0.0,0.1,0.0001,0.001,0.983625,0.973462,0.33993
1.0,0.0,0.1,0.0001,0.0001,0.982432,0.970565,0.308365
1.0,0.0,1.0,0.01,0.1,0.981878,0.969458,0.310741
1.0,0.0,1.0,0.01,0.01,0.984155,0.969371,0.34639
1.0,0.0,1.0,0.01,0.001,0.98156,0.971267,0.326157
1.0,0.0,1.0,0.01,0.0001,0.982632,0.97381,0.388156
1.0,0.0,1.0,0.001,0.1,0.983773,0.975364,0.394209
1.0,0.0,1.0,0.001,0.01,0.982176,0.973449,0.37205
1.0,0.0,1.0,0.001,0.001,0.983089,0.974784,0.414166
1.0,0.0,1.0,0.001,0.0001,0.982207,0.973529,0.401459
1.0,0.0,1.0,0.0001,0.1,0.98237,0.969524,0.304294
1.0,0.0,1.0,0.0001,0.01,0.982794,0.969426,0.286497
1.0,0.0,1.0,0.0001,0.001,0.981482,0.973536,0.336409
1.0,0.0,1.0,0.0001,0.0001,0.981605,0.9707,0.299185
1.0,0.0,10.0,0.01,0.1,0.983606,0.969378,0.306326
1.0,0.0,10.0,0.01,0.01,0.983899,0.972764,0.386328
1.0,0.0,10.0,0.01,0.001,0.98339,0.971342,0.360858
1.0,0.0,10.0,0.01,0.0001,0.980724,0.969041,0.363879
1.0,0.0,10.0,0.001,0.1,0.981634,0.972704,0.329962
1.0,0.0,10.0,0.001,0.01,0.982081,0.972588,0.383043
1.0,0.0,10.0,0.001,0.001,0.981773,0.974107,0.427485
1.0,0.0,10.0,0.001,0.0001,0.98251,0.974168,0.378449
1.0,0.0,10.0,0.0001,0.1,0.983009,0.970582,0.270521
1.0,0.0,10.0,0.0001,0.01,0.981925,0.973229,0.341938
1.0,0.0,10.0,0.0001,0.001,0.98219,0.971208,0.321993
1.0,0.0,10.0,0.0001,0.0001,0.980888,0.97311,0.328381
1.0,0.1,0.0,0.01,0.1,0.983918,0.962543,0.237152
1.0,0.1,0.0,0.01,0.01,0.985469,0.966089,0.202224
1.0,0.1,0.0,0.01,0.001,0.981818,0.965047,0.178045
1.0,0.1,0.0,0.01,0.0001,0.98606,0.964474,0.193207
1.0,0.1,0.0,0.001,0.1,0.985267,0.965783,0.191145
1.0,0.1,0.0,0.001,0.01,0.984604,0.963431,0.15155
1.0,0.1,0.0,0.001,0.001,0.98393,0.965301,0.182564
1.0,0.1,0.0,0.001,0.0001,0.984107,0.965502,0.1757
1.0,0.1,0.0,0.0001,0.1,0.982062,0.963594,0.124123
1.0,0.1,0.0,0.0001,0.01,0.982126,0.960797,0.121046
1.0,0.1,0.0,0.0001,0.001,0.981809,0.963505,0.134343
1.0,0.1,0.0,0.0001,0.0001,0.982157,0.963655,0.152206
1.0,0.1,0.1,0.01,0.1,0.982694,0.96525,0.264076
1.0,0.1,0.1,0.01,0.01,0.97995,0.967937,0.310787
1.0,0.1,0.1,0.01,0.001,0.983101,0.967628,0.264043
1.0,0.1,0.1,0.01,0.0001,0.98443,0.966814,0.249595
1.0,0.1,0.1,0.001,0.1,0.984986,0.968074,0.270561
1.0,0.1,0.1,0.001,0.01,0.983608,0.966976,0.253889
1.0,0.1,0.1,0.001,0.001,0.983083,0.968071,0.244431
1.0,0.1,0.1,0.001,0.0001,0.982794,0.967701,0.255416
1.0,0.1,0.1,0.0001,0.1,0.981361,0.968228,0.261054
1.0,0.1,0.1,0.0001,0.01,0.982377,0.966997,0.22204
1.0,0.1,0.1,0.0001,0.001,0.981828,0.96957,0.263964
1.0,0.1,0.1,0.0001,0.0001,0.981719,0.963822,0.152216
1.0,0.1,1.0,0.01,0.1,0.985059,0.969451,0.336572
1.0,0.1,1.0,0.01,0.01,0.983688,0.968956,0.302782
1.0,0.1,1.0,0.01,0.001,0.982597,0.970048,0.358126
1.0,0.1,1.0,0.01,0.0001,0.983508,0.970961,0.374423
1.0,0.1,1.0,0.001,0.1,0.984022,0.971365,0.364111
1.0,0.1,1.0,0.001,0.01,0.982661,0.973222,0.397375
1.0,0.1,1.0,0.001,0.001,0.980727,0.974923,0.379683
1.0,0.1,1.0,0.001,0.0001,0.9825,0.973604,0.392434
1.0,0.1,1.0,0.0001,0.1,0.981735,0.973114,0.324097
1.0,0.1,1.0,0.0001,0.01,0.984418,0.971155,0.290394
1.0,0.1,1.0,0.0001,0.001,0.983487,0.972769,0.303825
1.0,0.1,1.0,0.0001,0.0001,0.983272,0.970626,0.316523
1.0,0.1,10.0,0.01,0.1,0.983116,0.970717,0.299141
1.0,0.1,10.0,0.01,0.01,0.982384,0.968571,0.353894
1.0,0.1,10.0,0.01,0.001,0.983968,0.971768,0.357344
1.0,0.1,10.0,0.01,0.0001,0.983087,0.971519,0.345203
1.0,0.1,10.0,0.001,0.1,0.982761,0.973599,0.370282
1.0,0.1,10.0,0.001,0.01,0.981814,0.972911,0.414318
1.0,0.1,10.0,0.001,0.001,0.984612,0.973006,0.36648
1.0,0.1,10.0,0.001,0.0001,0.983123,0.97298,0.402918
1.0,0.1,10.0,0.0001,0.1,0.982552,0.970609,0.285756
1.0,0.1,10.0,0.0001,0.01,0.982169,0.97097,0.324158
1.0,0.1,10.0,0.0001,0.001,0.981219,0.970199,0.304689
1.0,0.1,10.0,0.0001,0.0001,0.981965,0.972203,0.334307
1.0,1.0,0.0,0.01,0.1,0.983191,0.966498,0.255819
1.0,1.0,0.0,0.01,0.01,0.984995,0.963552,0.18011
1.0,1.0,0.0,0.01,0.001,0.984669,0.965257,0.182943
1.0,1.0,0.0,0.01,0.0001,0.986394,0.964781,0.16186
1.0,1.0,0.0,0.001,0.1,0.984836,0.964586,0.194044
1.0,1.0,0.0,0.001,0.01,0.983012,0.964939,0.171465
1.0,1.0,0.0,0.001,0.001,0.983148,0.964236,0.126697
1.0,1.0,0.0,0.001,0.0001,0.982997,0.965866,0.171728
1.0,1.0,0.0,0.0001,0.1,0.983023,0.961907,0.143353
1.0,1.0,0.0,0.0001,0.01,0.982119,0.962735,0.130996
1.0,1.0,0.0,0.0001,0.001,0.983523,0.962572,0.126863
1.0,1.0,0.0,0.0001,0.0001,0.982645,0.963547,0.149561
1.0,1.0,0.1,0.01,0.1,0.983248,0.964234,0.253448
1.0,1.0,0.1,0.01,0.01,0.983546,0.963405,0.189299
1.0,1.0,0.1,0.01,0.001,0.986787,0.964423,0.192435
1.0,1.0,0.1,0.01,0.0001,0.984865,0.964174,0.172088
1.0,1.0,0.1,0.001,0.1,0.984025,0.965627,0.195903
1.0,1.0,0.1,0.001,0.01,0.981994,0.965273,0.18096
1.0,1.0,0.1,0.001,0.001,0.982569,0.964743,0.165313
1.0,1.0,0.1,0.001,0.0001,0.98166,0.965201,0.169448
1.0,1.0,0.1,0.0001,0.1,0.982356,0.963412,0.157271
1.0,1.0,0.1,0.0001,0.01,0.981986,0.962884,0.123898
1.0,1.0,0.1,0.0001,0.001,0.981447,0.966767,0.175339
1.0,1.0,0.1,0.0001,0.0001,0.981962,0.963279,0.13921
1.0,1.0,1.0,0.01,0.1,0.981318,0.966173,0.269802
1.0,1.0,1.0,0.01,0.01,0.983066,0.967772,0.291809
1.0,1.0,1.0,0.01,0.001,0.98412,0.967295,0.254548
1.0,1.0,1.0,0.01,0.0001,0.984427,0.966545,0.241922
1.0,1.0,1.0,0.001,0.1,0.983937,0.968438,0.276415
1.0,1.0,1.0,0.001,0.01,0.98416,0.96856,0.249789
1.0,1.0,1.0,0.001,0.001,0.982943,0.968367,0.250735
1.0,1.0,1.0,0.001,0.0001,0.981849,0.969058,0.259298
1.0,1.0,1.0,0.0001,0.1,0.982291,0.965231,0.211949
1.0,1.0,1.0,0.0001,0.01,0.984079,0.968808,0.230919
1.0,1.0,1.0,0.0001,0.001,0.982431,0.965575,0.19784
1.0,1.0,1.0,0.0001,0.0001,0.981137,0.967562,0.216704
1.0,1.0,10.0,0.01,0.1,0.982396,0.969046,0.321941
1.0,1.0,10.0,0.01,0.01,0.983127,0.969181,0.431773
1.0,1.0,10.0,0.01,0.001,0.984051,0.971065,0.334547
1.0,1.0,10.0,0.01,0.0001,0.984198,0.96817,0.319974
1.0,1.0,10.0,0.001,0.1,0.981539,0.973191,0.416265
1.0,1.0,10.0,0.001,0.01,0.981274,0.972668,0.412341
1.0,1.0,10.0,0.001,0.001,0.981314,0.974264,0.359322
1.0,1.0,10.0,0.001,0.0001,0.98285,0.97312,0.390261
1.0,1.0,10.0,0.0001,0.1,0.982637,0.973192,0.343411
1.0,1.0,10.0,0.0001,0.01,0.983968,0.96984,0.270696
1.0,1.0,10.0,0.0001,0.001,0.983457,0.971287,0.294761
1.0,1.0,10.0,0.0001,0.0001,0.98223,0.972259,0.339013
1.0,10.0,0.0,0.01,0.1,0.982922,0.963021,0.182105
1.0,10.0,0.0,0.01,0.01,0.985225,0.964138,0.172718
1.0,10.0,0.0,0.01,0.001,0.986006,0.964653,0.18294
1.0,10.0,0.0,0.01,0.0001,0.984108,0.964149,0.160667
1.0,10.0,0.0,0.001,0.1,0.984148,0.96591,0.189651
1.0,10.0,0.0,0.001,0.01,0.983914,0.964461,0.156771
1.0,10.0,0.0,0.001,0.001,0.981934,0.965668,0.172589
1.0,10.0,0.0,0.001,0.0001,0.983835,0.96325,0.130881
1.0,10.0,0.0,0.0001,0.1,0.983902,0.965316,0.175763
1.0,10.0,0.0,0.0001,0.01,0.982195,0.965014,0.186854
1.0,10.0,0.0,0.0001,0.001,0.982294,0.965527,0.200142
1.0,10.0,0.0,0.0001,0.0001,0.982786,0.965501,0.196393
1.0,10.0,0.1,0.01,0.1,0.982405,0.964329,0.184989
1.0,10.0,0.1,0.01,0.01,0.986411,0.963676,0.153876
1.0,10.0,0.1,0.01,0.001,0.984346,0.963566,0.158446
1.0,10.0,0.1,0.01,0.0001,0.984437,0.962779,0.144415
1.0,10.0,0.1,0.001,0.1,0.983518,0.964731,0.147501
1.0,10.0,0.1,0.001,0.01,0.981359,0.965949,0.183448
1.0,10.0,0.1,0.001,0.001,0.982613,0.963951,0.17999
1.0,10.0,0.1,0.001,0.0001,0.983153,0.964088,0.147353
1.0,10.0,0.1,0.0001,0.1,0.982772,0.96407,0.148471
1.0,10.0,0.1,0.0001,0.01,0.982389,0.965753,0.1751
1.0,10.0,0.1,0.0001,0.001,0.982685,0.962916,0.139577
1.0,10.0,0.1,0.0001,0.0001,0.982566,0.964154,0.135458
1.0,10.0,1.0,0.01,0.1,0.982396,0.965356,0.216736
1.0,10.0,1.0,0.01,0.01,0.985769,0.965949,0.210057
1.0,10.0,1.0,0.01,0.001,0.984855,0.96351,0.154325
1.0,10.0,1.0,0.01,0.0001,0.986099,0.963164,0.159999
1.0,10.0,1.0,0.001,0.1,0.984373,0.965086,0.168194
1.0,10.0,1.0,0.001,0.01,0.982443,0.96633,0.166395
1.0,10.0,1.0,0.001,0.001,0.983655,0.964497,0.159382
1.0,10.0,1.0,0.001,0.0001,0.982273,0.965339,0.16894
1.0,10.0,1.0,0.0001,0.1,0.981338,0.968041,0.217213
1.0,10.0,1.0,0.0001,0.01,0.981624,0.960851,0.103122
1.0,10.0,1.0,0.0001,0.001,0.983106,0.963675,0.148126
1.0,10.0,1.0,0.0001,0.0001,0.983684,0.964523,0.200584
1.0,10.0,10.0,0.01,0.1,0.977358,0.969198,0.296387
1.0,10.0,10.0,0.01,0.01,0.984898,0.966446,0.248806
1.0,10.0,10.0,0.01,0.001,0.983965,0.967137,0.257655
1.0,10.0,10.0,0.01,0.0001,0.983111,0.96763,0.239402
1.0,10.0,10.0,0.001,0.1,0.983234,0.969329,0.267069
1.0,10.0,10.0,0.001,0.01,0.98187,0.967808,0.243847
1.0,10.0,10.0,0.001,0.001,0.981397,0.967155,0.267879
1.0,10.0,10.0,0.001,0.0001,0.984214,0.969939,0.250484
1.0,10.0,10.0,0.0001,0.1,0.981873,0.966214,0.205016
1.0,10.0,10.0,0.0001,0.01,0.982587,0.965554,0.189411
1.0,10.0,10.0,0.0001,0.001,0.983028,0.968993,0.228011
1.0,10.0,10.0,0.0001,0.0001,0.983296,0.968435,0.203992
