alpha,l1,l2,lr,wd,AUC,nDCG,KT
1.0,0.0,0.1,0.1,0.01,0.943158,0.992278,0.289604
1.0,0.0,0.1,0.1,0.001,0.895905,0.989312,0.268182
1.0,0.0,0.1,0.1,0.0001,0.89352,0.988915,0.269621
1.0,0.0,0.1,0.01,0.01,0.962216,0.993806,0.319045
1.0,0.0,0.1,0.01,0.001,0.92856,0.992808,0.27548
1.0,0.0,0.1,0.01,0.0001,0.54222,0.966121,0.0529
1.0,0.0,0.1,0.001,0.01,0.663151,0.978237,0.115866
1.0,0.0,0.1,0.001,0.001,0.701375,0.968889,0.142926
1.0,0.0,0.1,0.001,0.0001,0.693165,0.969014,0.134507
1.0,0.0,0.1,0.0001,0.01,0.875464,0.985054,0.236525
1.0,0.0,0.1,0.0001,0.001,0.735762,0.981055,0.163165
1.0,0.0,0.1,0.0001,0.0001,0.789591,0.976686,0.19678
1.0,0.0,1.0,0.1,0.01,0.934041,0.993613,0.303659
1.0,0.0,1.0,0.1,0.001,0.898598,0.991987,0.258356
1.0,0.0,1.0,0.1,0.0001,0.934791,0.993126,0.287871
1.0,0.0,1.0,0.01,0.01,0.849217,0.987987,0.257429
1.0,0.0,1.0,0.01,0.001,0.750952,0.981828,0.166712
1.0,0.0,1.0,0.01,0.0001,0.686986,0.975444,0.130406
1.0,0.0,1.0,0.001,0.01,0.796018,0.977302,0.193231
1.0,0.0,1.0,0.001,0.001,0.675184,0.962914,0.136908
1.0,0.0,1.0,0.001,0.0001,0.817361,0.979104,0.212756
1.0,0.0,1.0,0.0001,0.01,0.80347,0.978594,0.198991
1.0,0.0,1.0,0.0001,0.001,0.801101,0.980198,0.200618
1.0,0.0,1.0,0.0001,0.0001,0.748312,0.973709,0.18226
1.0,0.0,10.0,0.1,0.01,0.920783,0.992389,0.281126
1.0,0.0,10.0,0.1,0.001,0.893265,0.991821,0.258912
1.0,0.0,10.0,0.1,0.0001,0.919299,0.993062,0.285398
1.0,0.0,10.0,0.01,0.01,0.727098,0.980802,0.158267
1.0,0.0,10.0,0.01,0.001,0.61008,0.974672,0.083962
1.0,0.0,10.0,0.01,0.0001,0.568788,0.965887,0.04671
1.0,0.0,10.0,0.001,0.01,0.665554,0.96212,0.120252
1.0,0.0,10.0,0.001,0.001,0.702098,0.966213,0.150226
1.0,0.0,10.0,0.001,0.0001,0.688366,0.969446,0.140091
1.0,0.0,10.0,0.0001,0.01,0.782497,0.980497,0.18895
1.0,0.0,10.0,0.0001,0.001,0.718019,0.982087,0.161326
1.0,0.0,10.0,0.0001,0.0001,0.817022,0.982046,0.225736
1.0,0.1,0.0,0.1,0.01,0.842813,0.986977,0.217765
1.0,0.1,0.0,0.1,0.001,0.977805,0.995552,0.333058
1.0,0.1,0.0,0.1,0.0001,0.971252,0.993594,0.327024
1.0,0.1,0.0,0.01,0.01,0.971084,0.994625,0.331
1.0,0.1,0.0,0.01,0.001,0.969387,0.994291,0.328912
1.0,0.1,0.0,0.01,0.0001,0.97518,0.9944,0.33552
1.0,0.1,0.0,0.001,0.01,0.963238,0.994483,0.328059
1.0,0.1,0.0,0.001,0.001,0.970838,0.995262,0.330909
1.0,0.1,0.0,0.001,0.0001,0.964103,0.9954,0.332973
1.0,0.1,0.0,0.0001,0.01,0.964474,0.994963,0.32769
1.0,0.1,0.0,0.0001,0.001,0.965336,0.99568,0.326414
1.0,0.1,0.0,0.0001,0.0001,0.967704,0.995644,0.330928
1.0,0.1,0.1,0.1,0.01,0.958148,0.994714,0.323506
1.0,0.1,0.1,0.1,0.001,0.974342,0.996917,0.340602
1.0,0.1,0.1,0.1,0.0001,0.965232,0.99456,0.323642
1.0,0.1,0.1,0.01,0.01,0.975911,0.995547,0.337368
1.0,0.1,0.1,0.01,0.001,0.969695,0.995129,0.326659
1.0,0.1,0.1,0.01,0.0001,0.964972,0.995398,0.322943
1.0,0.1,0.1,0.001,0.01,0.965935,0.995405,0.32631
1.0,0.1,0.1,0.001,0.001,0.965852,0.994843,0.314537
1.0,0.1,0.1,0.001,0.0001,0.96624,0.995172,0.320606
1.0,0.1,0.1,0.0001,0.01,0.904107,0.990955,0.282449
1.0,0.1,0.1,0.0001,0.001,0.944145,0.993463,0.294473
1.0,0.1,0.1,0.0001,0.0001,0.954522,0.993297,0.304868
1.0,0.1,1.0,0.1,0.01,0.945133,0.995696,0.317632
1.0,0.1,1.0,0.1,0.001,0.852408,0.989533,0.2374
1.0,0.1,1.0,0.1,0.0001,0.913615,0.991794,0.270788
1.0,0.1,1.0,0.01,0.01,0.973253,0.99489,0.332769
1.0,0.1,1.0,0.01,0.001,0.676598,0.975679,0.132979
1.0,0.1,1.0,0.01,0.0001,0.675154,0.979009,0.13456
1.0,0.1,1.0,0.001,0.01,0.785848,0.979672,0.189476
1.0,0.1,1.0,0.001,0.001,0.869169,0.983582,0.238234
1.0,0.1,1.0,0.001,0.0001,0.758708,0.974387,0.181484
1.0,0.1,1.0,0.0001,0.01,0.841219,0.985071,0.227481
1.0,0.1,1.0,0.0001,0.001,0.852185,0.983323,0.232199
1.0,0.1,1.0,0.0001,0.0001,0.792479,0.983208,0.205623
1.0,0.1,10.0,0.1,0.01,0.921768,0.992455,0.279584
1.0,0.1,10.0,0.1,0.001,0.94255,0.993394,0.300901
1.0,0.1,10.0,0.1,0.0001,0.89737,0.990397,0.269472
1.0,0.1,10.0,0.01,0.01,0.66907,0.972307,0.100177
1.0,0.1,10.0,0.01,0.001,0.783085,0.985432,0.198951
1.0,0.1,10.0,0.01,0.0001,0.752265,0.979501,0.172007
1.0,0.1,10.0,0.001,0.01,0.847853,0.980728,0.224764
1.0,0.1,10.0,0.001,0.001,0.760493,0.972223,0.179106
1.0,0.1,10.0,0.001,0.0001,0.675177,0.96586,0.120823
1.0,0.1,10.0,0.0001,0.01,0.769768,0.983047,0.184779
1.0,0.1,10.0,0.0001,0.001,0.792391,0.981876,0.201635
1.0,0.1,10.0,0.0001,0.0001,0.819803,0.983373,0.220835
1.0,1.0,0.0,0.1,0.01,0.968206,0.994957,0.329969
1.0,1.0,0.0,0.1,0.001,0.976392,0.994825,0.338144
1.0,1.0,0.0,0.1,0.0001,0.973251,0.994472,0.332782
1.0,1.0,0.0,0.01,0.01,0.970125,0.995031,0.336177
1.0,1.0,0.0,0.01,0.001,0.970298,0.994377,0.337165
1.0,1.0,0.0,0.01,0.0001,0.979765,0.99456,0.336073
1.0,1.0,0.0,0.001,0.01,0.972552,0.995494,0.337073
1.0,1.0,0.0,0.001,0.001,0.971399,0.995569,0.333748
1.0,1.0,0.0,0.001,0.0001,0.970727,0.995341,0.338334
1.0,1.0,0.0,0.0001,0.01,0.97536,0.995509,0.326166
1.0,1.0,0.0,0.0001,0.001,0.968861,0.995465,0.321428
1.0,1.0,0.0,0.0001,0.0001,0.969377,0.995861,0.331486
1.0,1.0,0.1,0.1,0.01,0.96834,0.995191,0.334965
1.0,1.0,0.1,0.1,0.001,0.952954,0.99265,0.322866
1.0,1.0,0.1,0.1,0.0001,0.973011,0.994354,0.336477
1.0,1.0,0.1,0.01,0.01,0.963307,0.993975,0.32274
1.0,1.0,0.1,0.01,0.001,0.969304,0.994775,0.333968
1.0,1.0,0.1,0.01,0.0001,0.972071,0.994419,0.334901
1.0,1.0,0.1,0.001,0.01,0.970883,0.996,0.339519
1.0,1.0,0.1,0.001,0.001,0.973854,0.995548,0.335069
1.0,1.0,0.1,0.001,0.0001,0.974657,0.995667,0.335559
1.0,1.0,0.1,0.0001,0.01,0.964408,0.994901,0.317224
1.0,1.0,0.1,0.0001,0.001,0.962389,0.995498,0.324515
1.0,1.0,0.1,0.0001,0.0001,0.969965,0.995419,0.326219
1.0,1.0,1.0,0.1,0.01,0.972787,0.996772,0.340288
1.0,1.0,1.0,0.1,0.001,0.962787,0.994218,0.318436
1.0,1.0,1.0,0.1,0.0001,0.973231,0.996031,0.325674
1.0,1.0,1.0,0.01,0.01,0.968767,0.994919,0.326735
1.0,1.0,1.0,0.01,0.001,0.96794,0.994883,0.314646
1.0,1.0,1.0,0.01,0.0001,0.967604,0.994591,0.315021
1.0,1.0,1.0,0.001,0.01,0.963802,0.995149,0.318356
1.0,1.0,1.0,0.001,0.001,0.96634,0.995191,0.315787
1.0,1.0,1.0,0.001,0.0001,0.965945,0.995282,0.319846
1.0,1.0,1.0,0.0001,0.01,0.939332,0.992667,0.299738
1.0,1.0,1.0,0.0001,0.001,0.926451,0.992065,0.296139
1.0,1.0,1.0,0.0001,0.0001,0.960845,0.99452,0.305178
1.0,1.0,10.0,0.1,0.01,0.925701,0.991654,0.273925
1.0,1.0,10.0,0.1,0.001,0.929302,0.992756,0.284782
1.0,1.0,10.0,0.1,0.0001,0.894448,0.991323,0.264195
1.0,1.0,10.0,0.01,0.01,0.70068,0.974882,0.140712
1.0,1.0,10.0,0.01,0.001,0.741288,0.976033,0.169881
1.0,1.0,10.0,0.01,0.0001,0.702119,0.976824,0.152686
1.0,1.0,10.0,0.001,0.01,0.797067,0.978764,0.191582
1.0,1.0,10.0,0.001,0.001,0.865274,0.983141,0.241305
1.0,1.0,10.0,0.001,0.0001,0.810185,0.984951,0.214088
1.0,1.0,10.0,0.0001,0.01,0.78902,0.982747,0.206428
1.0,1.0,10.0,0.0001,0.001,0.781028,0.979466,0.199626
1.0,1.0,10.0,0.0001,0.0001,0.841891,0.983779,0.226711
1.0,10.0,0.0,0.1,0.01,0.96866,0.993638,0.330954
1.0,10.0,0.0,0.1,0.001,0.975729,0.994534,0.337008
1.0,10.0,0.0,0.1,0.0001,0.970547,0.99363,0.330927
1.0,10.0,0.0,0.01,0.01,0.970447,0.99415,0.333473
1.0,10.0,0.0,0.01,0.001,0.974868,0.994651,0.337558
1.0,10.0,0.0,0.01,0.0001,0.971427,0.993838,0.330623
1.0,10.0,0.0,0.001,0.01,0.970305,0.995741,0.337368
1.0,10.0,0.0,0.001,0.001,0.968781,0.995124,0.330203
1.0,10.0,0.0,0.001,0.0001,0.969907,0.994975,0.329854
1.0,10.0,0.0,0.0001,0.01,0.973966,0.99567,0.324188
1.0,10.0,0.0,0.0001,0.001,0.968426,0.995768,0.329545
1.0,10.0,0.0,0.0001,0.0001,0.973038,0.99553,0.32461
1.0,10.0,0.1,0.1,0.01,0.96356,0.993454,0.32213
1.0,10.0,0.1,0.1,0.001,0.974162,0.994397,0.33419
1.0,10.0,0.1,0.1,0.0001,0.96981,0.99399,0.329625
1.0,10.0,0.1,0.01,0.01,0.971305,0.994381,0.334111
1.0,10.0,0.1,0.01,0.001,0.978213,0.994527,0.335801
1.0,10.0,0.1,0.01,0.0001,0.971839,0.994367,0.335201
1.0,10.0,0.1,0.001,0.01,0.969584,0.99541,0.33357
1.0,10.0,0.1,0.001,0.001,0.97617,0.995818,0.33851
1.0,10.0,0.1,0.001,0.0001,0.973473,0.995661,0.336288
1.0,10.0,0.1,0.0001,0.01,0.966918,0.995121,0.322928
1.0,10.0,0.1,0.0001,0.001,0.96403,0.995661,0.328044
1.0,10.0,0.1,0.0001,0.0001,0.964325,0.995476,0.328108
1.0,10.0,1.0,0.1,0.01,0.969796,0.994741,0.332477
1.0,10.0,1.0,0.1,0.001,0.969792,0.994139,0.332112
1.0,10.0,1.0,0.1,0.0001,0.973203,0.994215,0.334193
1.0,10.0,1.0,0.01,0.01,0.972877,0.994606,0.330327
1.0,10.0,1.0,0.01,0.001,0.977978,0.994137,0.328336
1.0,10.0,1.0,0.01,0.0001,0.977299,0.99434,0.333494
1.0,10.0,1.0,0.001,0.01,0.972469,0.995196,0.327356
1.0,10.0,1.0,0.001,0.001,0.972126,0.995269,0.336308
1.0,10.0,1.0,0.001,0.0001,0.967237,0.995687,0.334828
1.0,10.0,1.0,0.0001,0.01,0.966662,0.995274,0.316769
1.0,10.0,1.0,0.0001,0.001,0.969512,0.995839,0.323136
1.0,10.0,1.0,0.0001,0.0001,0.968587,0.995207,0.32195
1.0,10.0,10.0,0.1,0.01,0.973965,0.995415,0.327156
1.0,10.0,10.0,0.1,0.001,0.971309,0.995321,0.32938
1.0,10.0,10.0,0.1,0.0001,0.97142,0.995512,0.320256
1.0,10.0,10.0,0.01,0.01,0.962337,0.995205,0.313515
1.0,10.0,10.0,0.01,0.001,0.969311,0.995212,0.318171
1.0,10.0,10.0,0.01,0.0001,0.964037,0.994259,0.311475
1.0,10.0,10.0,0.001,0.01,0.963127,0.995374,0.322324
1.0,10.0,10.0,0.001,0.001,0.967327,0.995566,0.323335
1.0,10.0,10.0,0.001,0.0001,0.964006,0.995099,0.31594
1.0,10.0,10.0,0.0001,0.01,0.935762,0.992286,0.286547
1.0,10.0,10.0,0.0001,0.001,0.942677,0.993276,0.297342
1.0,10.0,10.0,0.0001,0.0001,0.956174,0.994057,0.307293
