alpha,l1,l2,lr,wd,AUC,nDCG,KT
1.0,1.0,0.0,0.001,0.1,0.482847,0.929593,0.131521
1.0,1.0,0.0,0.001,0.01,0.490829,0.928359,0.081207
1.0,1.0,0.0,0.001,0.001,0.490258,0.924869,0.057231
1.0,1.0,0.0,0.001,0.0001,0.492851,0.926144,0.097167
1.0,1.0,0.1,0.001,0.1,0.495217,0.925262,0.062521
1.0,1.0,0.1,0.001,0.01,0.493974,0.926515,0.100867
1.0,1.0,0.1,0.001,0.001,0.483574,0.927587,0.122792
1.0,1.0,0.1,0.001,0.0001,0.490852,0.925925,0.09569
1.0,1.0,0.2,0.001,0.1,0.499329,0.925294,0.072845
1.0,1.0,0.2,0.001,0.01,0.529961,0.927568,0.134258
1.0,1.0,0.2,0.001,0.001,0.511691,0.924714,0.058533
1.0,1.0,0.2,0.001,0.0001,0.547723,0.924341,0.043052
1.0,1.0,0.3,0.001,0.1,0.530272,0.926968,0.128095
1.0,1.0,0.3,0.001,0.01,0.510098,0.92566,0.06194
1.0,1.0,0.3,0.001,0.001,0.52988,0.928414,0.155744
1.0,1.0,0.3,0.001,0.0001,0.516975,0.92774,0.098843
1.0,1.0,0.4,0.001,0.1,0.492802,0.925779,0.08313
1.0,1.0,0.4,0.001,0.01,0.520177,0.926879,0.108976
1.0,1.0,0.4,0.001,0.001,0.524058,0.925398,0.054477
1.0,1.0,0.4,0.001,0.0001,0.499855,0.924652,0.075721
1.0,1.0,0.5,0.001,0.1,0.498764,0.924759,0.053664
1.0,1.0,0.5,0.001,0.01,0.523089,0.926878,0.107074
1.0,1.0,0.5,0.001,0.001,0.484584,0.92578,0.065883
1.0,1.0,0.5,0.001,0.0001,0.503406,0.925733,0.073009
1.0,1.0,0.6,0.001,0.1,0.501106,0.92675,0.098042
1.0,1.0,0.6,0.001,0.01,0.494964,0.92534,0.062954
1.0,1.0,0.6,0.001,0.001,0.503838,0.924615,0.053408
1.0,1.0,0.6,0.001,0.0001,0.503427,0.925061,0.063095
1.0,1.0,0.7,0.001,0.1,0.52373,0.926868,0.103994
1.0,1.0,0.7,0.001,0.01,0.498729,0.9258,0.070185
1.0,1.0,0.7,0.001,0.001,0.48068,0.926324,0.106029
1.0,1.0,0.7,0.001,0.0001,0.527811,0.925441,0.065276
1.0,1.0,0.8,0.001,0.1,0.499685,0.926948,0.079939
1.0,1.0,0.8,0.001,0.01,0.512244,0.924705,0.048038
1.0,1.0,0.8,0.001,0.001,0.507517,0.924241,0.052679
1.0,1.0,0.8,0.001,0.0001,0.500532,0.926986,0.092368
1.0,1.0,0.9,0.001,0.1,0.517794,0.926004,0.092815
1.0,1.0,0.9,0.001,0.01,0.520796,0.926779,0.096659
1.0,1.0,0.9,0.001,0.001,0.494074,0.92764,0.079545
1.0,1.0,0.9,0.001,0.0001,0.517308,0.925817,0.072085
1.0,1.0,1.0,0.001,0.1,0.499912,0.926446,0.089186
1.0,1.0,1.0,0.001,0.01,0.496964,0.925908,0.067861
1.0,1.0,1.0,0.001,0.001,0.494903,0.924445,0.057747
1.0,1.0,1.0,0.001,0.0001,0.502556,0.925169,0.071207
1.0,1.0,2.0,0.001,0.1,0.499199,0.926593,0.07891
1.0,1.0,2.0,0.001,0.01,0.496225,0.925419,0.068377
1.0,1.0,2.0,0.001,0.001,0.522123,0.925769,0.065801
1.0,1.0,2.0,0.001,0.0001,0.504385,0.925805,0.086802
1.0,1.0,3.0,0.001,0.1,0.508612,0.92806,0.104048
1.0,1.0,3.0,0.001,0.01,0.485031,0.925453,0.070809
1.0,1.0,3.0,0.001,0.001,0.508977,0.926199,0.095796
1.0,1.0,3.0,0.001,0.0001,0.510617,0.924391,0.079004
1.0,1.0,4.0,0.001,0.1,0.500063,0.924812,0.061437
1.0,1.0,4.0,0.001,0.01,0.500228,0.925638,0.06434
1.0,1.0,4.0,0.001,0.001,0.500023,0.925142,0.04594
1.0,1.0,4.0,0.001,0.0001,0.499061,0.927514,0.102812
1.0,1.0,5.0,0.001,0.1,0.510148,0.926705,0.142564
1.0,1.0,5.0,0.001,0.01,0.498579,0.924862,0.066204
1.0,1.0,5.0,0.001,0.001,0.512093,0.925859,0.064748
1.0,1.0,5.0,0.001,0.0001,0.49329,0.925663,0.054991
1.0,1.0,6.0,0.001,0.1,0.501624,0.925719,0.08767
1.0,1.0,6.0,0.001,0.01,0.500123,0.927756,0.086502
1.0,1.0,6.0,0.001,0.001,0.511971,0.92662,0.110736
1.0,1.0,6.0,0.001,0.0001,0.504964,0.926617,0.106226
1.0,1.0,7.0,0.001,0.1,0.485742,0.926129,0.070236
1.0,1.0,7.0,0.001,0.01,0.506524,0.924919,0.065047
1.0,1.0,7.0,0.001,0.001,0.516198,0.925697,0.082773
1.0,1.0,7.0,0.001,0.0001,0.497267,0.927273,0.072195
1.0,1.0,8.0,0.001,0.1,0.51365,0.925185,0.066903
1.0,1.0,8.0,0.001,0.01,0.507374,0.924776,0.052541
1.0,1.0,8.0,0.001,0.001,0.510007,0.92543,0.061541
1.0,1.0,8.0,0.001,0.0001,0.524446,0.925681,0.071968
1.0,1.0,9.0,0.001,0.1,0.528797,0.925628,0.067671
1.0,1.0,9.0,0.001,0.01,0.521313,0.925522,0.075755
1.0,1.0,9.0,0.001,0.001,0.509937,0.925398,0.101183
1.0,1.0,9.0,0.001,0.0001,0.512787,0.92622,0.060221
1.0,1.0,10.0,0.001,0.1,0.486011,0.925085,0.066015
1.0,1.0,10.0,0.001,0.01,0.506287,0.927063,0.093952
1.0,1.0,10.0,0.001,0.001,0.518727,0.925188,0.046651
1.0,1.0,10.0,0.001,0.0001,0.52126,0.928517,0.145671
