alpha,l1,l2,lr,wd,AUC,nDCG,KT
1.0,0.0,0.1,0.01,0.1,0.987254,0.997598,0.348276
1.0,0.0,0.1,0.01,0.01,0.989304,0.998078,0.35704
1.0,0.0,0.1,0.01,0.001,0.991359,0.998301,0.342867
1.0,0.0,0.1,0.01,0.0001,0.906087,0.989792,0.230859
1.0,0.0,0.1,0.001,0.1,0.990149,0.99863,0.365104
1.0,0.0,0.1,0.001,0.01,0.992465,0.99864,0.361114
1.0,0.0,0.1,0.001,0.001,0.960007,0.994082,0.290531
1.0,0.0,0.1,0.001,0.0001,0.941274,0.992387,0.266908
1.0,0.0,0.1,0.0001,0.1,0.749439,0.979425,0.142385
1.0,0.0,0.1,0.0001,0.01,0.753321,0.977035,0.151651
1.0,0.0,0.1,0.0001,0.001,0.862327,0.989003,0.213478
1.0,0.0,0.1,0.0001,0.0001,0.776832,0.981869,0.161355
1.0,0.0,1.0,0.01,0.1,0.990897,0.998045,0.357076
1.0,0.0,1.0,0.01,0.01,0.99304,0.998686,0.358783
1.0,0.0,1.0,0.01,0.001,0.974107,0.996543,0.309598
1.0,0.0,1.0,0.01,0.0001,0.958601,0.991799,0.2717
1.0,0.0,1.0,0.001,0.1,0.985791,0.997737,0.325344
1.0,0.0,1.0,0.001,0.01,0.903134,0.986328,0.225206
1.0,0.0,1.0,0.001,0.001,0.924931,0.989655,0.249563
1.0,0.0,1.0,0.001,0.0001,0.87633,0.988925,0.232192
1.0,0.0,1.0,0.0001,0.1,0.805301,0.986096,0.188588
1.0,0.0,1.0,0.0001,0.01,0.831409,0.984629,0.19183
1.0,0.0,1.0,0.0001,0.001,0.74026,0.979846,0.139355
1.0,0.0,1.0,0.0001,0.0001,0.846479,0.989631,0.206973
1.0,0.0,10.0,0.01,0.1,0.984221,0.996343,0.331117
1.0,0.0,10.0,0.01,0.01,0.977538,0.995144,0.319153
1.0,0.0,10.0,0.01,0.001,0.959394,0.995002,0.291697
1.0,0.0,10.0,0.01,0.0001,0.961108,0.995419,0.299975
1.0,0.0,10.0,0.001,0.1,0.865727,0.987252,0.211447
1.0,0.0,10.0,0.001,0.01,0.89751,0.990131,0.23381
1.0,0.0,10.0,0.001,0.001,0.965925,0.992862,0.279532
1.0,0.0,10.0,0.001,0.0001,0.917521,0.987174,0.245441
1.0,0.0,10.0,0.0001,0.1,0.859619,0.988927,0.205455
1.0,0.0,10.0,0.0001,0.01,0.777427,0.9775,0.15683
1.0,0.0,10.0,0.0001,0.001,0.663698,0.973755,0.101183
1.0,0.0,10.0,0.0001,0.0001,0.785911,0.983762,0.169766
1.0,0.1,0.0,0.01,0.1,0.989389,0.998449,0.360686
1.0,0.1,0.0,0.01,0.01,0.989463,0.998226,0.351855
1.0,0.1,0.0,0.01,0.001,0.993733,0.998702,0.360611
1.0,0.1,0.0,0.01,0.0001,0.991811,0.998854,0.35938
1.0,0.1,0.0,0.001,0.1,0.990547,0.998658,0.361592
1.0,0.1,0.0,0.001,0.01,0.990769,0.998729,0.354107
1.0,0.1,0.0,0.001,0.001,0.990731,0.998724,0.356305
1.0,0.1,0.0,0.001,0.0001,0.992548,0.998825,0.356552
1.0,0.1,0.0,0.0001,0.1,0.989699,0.998518,0.347798
1.0,0.1,0.0,0.0001,0.01,0.994276,0.99858,0.349888
1.0,0.1,0.0,0.0001,0.001,0.990699,0.997737,0.330397
1.0,0.1,0.0,0.0001,0.0001,0.990149,0.998373,0.344649
1.0,0.1,0.1,0.01,0.1,0.990765,0.998626,0.36461
1.0,0.1,0.1,0.01,0.01,0.991998,0.998582,0.354069
1.0,0.1,0.1,0.01,0.001,0.988314,0.998728,0.357566
1.0,0.1,0.1,0.01,0.0001,0.991728,0.998398,0.343049
1.0,0.1,0.1,0.001,0.1,0.986099,0.998507,0.358444
1.0,0.1,0.1,0.001,0.01,0.991001,0.998342,0.342798
1.0,0.1,0.1,0.001,0.001,0.993224,0.997812,0.330338
1.0,0.1,0.1,0.001,0.0001,0.992171,0.998076,0.338171
1.0,0.1,0.1,0.0001,0.1,0.802171,0.986992,0.175928
1.0,0.1,0.1,0.0001,0.01,0.983494,0.9972,0.315822
1.0,0.1,0.1,0.0001,0.001,0.972905,0.994807,0.291244
1.0,0.1,0.1,0.0001,0.0001,0.900997,0.992728,0.251811
1.0,0.1,1.0,0.01,0.1,0.984974,0.998415,0.356758
1.0,0.1,1.0,0.01,0.01,0.991946,0.997318,0.330491
1.0,0.1,1.0,0.01,0.001,0.948386,0.994709,0.287605
1.0,0.1,1.0,0.01,0.0001,0.982825,0.995487,0.302995
1.0,0.1,1.0,0.001,0.1,0.98983,0.99807,0.346178
1.0,0.1,1.0,0.001,0.01,0.974723,0.995831,0.302595
1.0,0.1,1.0,0.001,0.001,0.960738,0.992101,0.282538
1.0,0.1,1.0,0.001,0.0001,0.973528,0.993144,0.271973
1.0,0.1,1.0,0.0001,0.1,0.788116,0.984438,0.153422
1.0,0.1,1.0,0.0001,0.01,0.829089,0.988221,0.195189
1.0,0.1,1.0,0.0001,0.001,0.8576,0.988219,0.210431
1.0,0.1,1.0,0.0001,0.0001,0.771463,0.980643,0.140623
1.0,0.1,10.0,0.01,0.1,0.992341,0.998654,0.355125
1.0,0.1,10.0,0.01,0.01,0.962677,0.993893,0.288406
1.0,0.1,10.0,0.01,0.001,0.970571,0.993933,0.284586
1.0,0.1,10.0,0.01,0.0001,0.970855,0.995376,0.303443
1.0,0.1,10.0,0.001,0.1,0.932978,0.992082,0.257681
1.0,0.1,10.0,0.001,0.01,0.872213,0.987198,0.201413
1.0,0.1,10.0,0.001,0.001,0.878992,0.987495,0.214308
1.0,0.1,10.0,0.001,0.0001,0.899858,0.988653,0.22671
1.0,0.1,10.0,0.0001,0.1,0.764952,0.979531,0.145483
1.0,0.1,10.0,0.0001,0.01,0.79117,0.977645,0.163031
1.0,0.1,10.0,0.0001,0.001,0.881908,0.990838,0.225054
1.0,0.1,10.0,0.0001,0.0001,0.888733,0.985196,0.227757
1.0,1.0,0.0,0.01,0.1,0.989896,0.998548,0.359609
1.0,1.0,0.0,0.01,0.01,0.991769,0.998789,0.361121
1.0,1.0,0.0,0.01,0.001,0.994917,0.998502,0.350606
1.0,1.0,0.0,0.01,0.0001,0.992701,0.998498,0.355755
1.0,1.0,0.0,0.001,0.1,0.992043,0.998613,0.355306
1.0,1.0,0.0,0.001,0.01,0.989799,0.998912,0.359518
1.0,1.0,0.0,0.001,0.001,0.991593,0.998554,0.354163
1.0,1.0,0.0,0.001,0.0001,0.991911,0.998601,0.354095
1.0,1.0,0.0,0.0001,0.1,0.958148,0.996397,0.305557
1.0,1.0,0.0,0.0001,0.01,0.991295,0.99801,0.332465
1.0,1.0,0.0,0.0001,0.001,0.993449,0.998534,0.352329
1.0,1.0,0.0,0.0001,0.0001,0.991641,0.998265,0.339907
1.0,1.0,0.1,0.01,0.1,0.988198,0.998089,0.353634
1.0,1.0,0.1,0.01,0.01,0.991489,0.998587,0.358501
1.0,1.0,0.1,0.01,0.001,0.992649,0.99873,0.357759
1.0,1.0,0.1,0.01,0.0001,0.991229,0.99844,0.350494
1.0,1.0,0.1,0.001,0.1,0.992656,0.998847,0.357994
1.0,1.0,0.1,0.001,0.01,0.98974,0.998946,0.362899
1.0,1.0,0.1,0.001,0.001,0.993054,0.998607,0.358856
1.0,1.0,0.1,0.001,0.0001,0.992157,0.998891,0.357454
1.0,1.0,0.1,0.0001,0.1,0.992199,0.998109,0.344133
1.0,1.0,0.1,0.0001,0.01,0.991492,0.998263,0.344314
1.0,1.0,0.1,0.0001,0.001,0.946447,0.99542,0.302075
1.0,1.0,0.1,0.0001,0.0001,0.991406,0.998062,0.335518
1.0,1.0,1.0,0.01,0.1,0.989037,0.998321,0.364843
1.0,1.0,1.0,0.01,0.01,0.991749,0.998237,0.354241
1.0,1.0,1.0,0.01,0.001,0.993715,0.997852,0.33008
1.0,1.0,1.0,0.01,0.0001,0.992822,0.99775,0.330641
1.0,1.0,1.0,0.001,0.1,0.991956,0.998254,0.338587
1.0,1.0,1.0,0.001,0.01,0.990443,0.9982,0.340693
1.0,1.0,1.0,0.001,0.001,0.990474,0.99776,0.32891
1.0,1.0,1.0,0.001,0.0001,0.991458,0.997806,0.332336
1.0,1.0,1.0,0.0001,0.1,0.9526,0.99429,0.289828
1.0,1.0,1.0,0.0001,0.01,0.746331,0.980917,0.145991
1.0,1.0,1.0,0.0001,0.001,0.941264,0.993153,0.274879
1.0,1.0,1.0,0.0001,0.0001,0.988618,0.997456,0.327069
1.0,1.0,10.0,0.01,0.1,0.985249,0.997122,0.326461
1.0,1.0,10.0,0.01,0.01,0.981319,0.996796,0.322399
1.0,1.0,10.0,0.01,0.001,0.979398,0.996602,0.3225
1.0,1.0,10.0,0.01,0.0001,0.936281,0.991564,0.250445
1.0,1.0,10.0,0.001,0.1,0.923511,0.988311,0.247444
1.0,1.0,10.0,0.001,0.01,0.839678,0.984695,0.219572
1.0,1.0,10.0,0.001,0.001,0.922001,0.991781,0.25652
1.0,1.0,10.0,0.001,0.0001,0.963646,0.992632,0.286404
1.0,1.0,10.0,0.0001,0.1,0.750627,0.983643,0.156329
1.0,1.0,10.0,0.0001,0.01,0.895976,0.99076,0.248779
1.0,1.0,10.0,0.0001,0.001,0.749704,0.985492,0.15733
1.0,1.0,10.0,0.0001,0.0001,0.814124,0.984514,0.173727
1.0,10.0,0.0,0.01,0.1,0.989671,0.998563,0.359129
1.0,10.0,0.0,0.01,0.01,0.991773,0.998624,0.353078
1.0,10.0,0.0,0.01,0.001,0.994256,0.998319,0.346891
1.0,10.0,0.0,0.01,0.0001,0.991513,0.998425,0.350104
1.0,10.0,0.0,0.001,0.1,0.990557,0.998646,0.351782
1.0,10.0,0.0,0.001,0.01,0.995249,0.998989,0.363161
1.0,10.0,0.0,0.001,0.001,0.992175,0.998939,0.357315
1.0,10.0,0.0,0.001,0.0001,0.988511,0.99865,0.354443
1.0,10.0,0.0,0.0001,0.1,0.947088,0.994055,0.276149
1.0,10.0,0.0,0.0001,0.01,0.875911,0.992332,0.232207
1.0,10.0,0.0,0.0001,0.001,0.992815,0.998207,0.344268
1.0,10.0,0.0,0.0001,0.0001,0.989536,0.997257,0.318901
1.0,10.0,0.1,0.01,0.1,0.99135,0.998667,0.359907
1.0,10.0,0.1,0.01,0.01,0.993096,0.998797,0.359791
1.0,10.0,0.1,0.01,0.001,0.994519,0.998223,0.346983
1.0,10.0,0.1,0.01,0.0001,0.992386,0.998627,0.351156
1.0,10.0,0.1,0.001,0.1,0.99277,0.999123,0.365261
1.0,10.0,0.1,0.001,0.01,0.991762,0.998703,0.356053
1.0,10.0,0.1,0.001,0.001,0.991908,0.998845,0.361529
1.0,10.0,0.1,0.001,0.0001,0.99251,0.998754,0.356496
1.0,10.0,0.1,0.0001,0.1,0.96447,0.995583,0.284903
1.0,10.0,0.1,0.0001,0.01,0.990222,0.997726,0.328836
1.0,10.0,0.1,0.0001,0.001,0.990163,0.997272,0.315419
1.0,10.0,0.1,0.0001,0.0001,0.985928,0.99776,0.337801
1.0,10.0,1.0,0.01,0.1,0.991894,0.998624,0.360435
1.0,10.0,1.0,0.01,0.01,0.991728,0.998716,0.35435
1.0,10.0,1.0,0.01,0.001,0.993172,0.998616,0.354896
1.0,10.0,1.0,0.01,0.0001,0.991984,0.998653,0.354616
1.0,10.0,1.0,0.001,0.1,0.994574,0.998928,0.359192
1.0,10.0,1.0,0.001,0.01,0.992929,0.998604,0.356296
1.0,10.0,1.0,0.001,0.001,0.993445,0.998805,0.358958
1.0,10.0,1.0,0.001,0.0001,0.990613,0.99846,0.352302
1.0,10.0,1.0,0.0001,0.1,0.946337,0.995284,0.285249
1.0,10.0,1.0,0.0001,0.01,0.988895,0.99714,0.314522
1.0,10.0,1.0,0.0001,0.001,0.991745,0.99867,0.352951
1.0,10.0,1.0,0.0001,0.0001,0.955374,0.995839,0.284876
1.0,10.0,10.0,0.01,0.1,0.989972,0.99846,0.359737
1.0,10.0,10.0,0.01,0.01,0.993383,0.99793,0.332221
1.0,10.0,10.0,0.01,0.001,0.991413,0.997635,0.326344
1.0,10.0,10.0,0.01,0.0001,0.987521,0.997391,0.331883
1.0,10.0,10.0,0.001,0.1,0.9924,0.998084,0.336604
1.0,10.0,10.0,0.001,0.01,0.991243,0.997765,0.327173
1.0,10.0,10.0,0.001,0.001,0.990097,0.997956,0.334958
1.0,10.0,10.0,0.001,0.0001,0.992753,0.998177,0.341518
1.0,10.0,10.0,0.0001,0.1,0.971908,0.99523,0.28439
1.0,10.0,10.0,0.0001,0.01,0.883681,0.9884,0.235836
1.0,10.0,10.0,0.0001,0.001,0.92089,0.99458,0.266295
1.0,10.0,10.0,0.0001,0.0001,0.915235,0.990742,0.245054
