alpha,l1,l2,lr,wd,AUC,nDCG,KT
1.0,0.0,0.1,0.01,0.1,0.710305,0.960655,0.368531
1.0,0.0,0.1,0.01,0.01,0.730131,0.962427,0.390303
1.0,0.0,0.1,0.01,0.001,0.773693,0.97329,0.458755
1.0,0.0,0.1,0.01,0.0001,0.733011,0.962438,0.347165
1.0,0.0,0.1,0.001,0.1,0.793958,0.969154,0.482364
1.0,0.0,0.1,0.001,0.01,0.762225,0.970647,0.441184
1.0,0.0,0.1,0.001,0.001,0.666528,0.958894,0.336582
1.0,0.0,0.1,0.001,0.0001,0.742346,0.970835,0.38236
1.0,0.0,0.1,0.0001,0.1,0.774191,0.970187,0.482486
1.0,0.0,0.1,0.0001,0.01,0.776771,0.96801,0.457672
1.0,0.0,0.1,0.0001,0.001,0.65014,0.964321,0.252868
1.0,0.0,0.1,0.0001,0.0001,0.752229,0.963877,0.409186
1.0,0.0,1.0,0.01,0.1,0.819014,0.972415,0.495799
1.0,0.0,1.0,0.01,0.01,0.693096,0.969036,0.383532
1.0,0.0,1.0,0.01,0.001,0.797821,0.965887,0.389004
1.0,0.0,1.0,0.01,0.0001,0.725723,0.962506,0.342935
1.0,0.0,1.0,0.001,0.1,0.762596,0.970678,0.420586
1.0,0.0,1.0,0.001,0.01,0.72562,0.97383,0.391393
1.0,0.0,1.0,0.001,0.001,0.742755,0.967636,0.397492
1.0,0.0,1.0,0.001,0.0001,0.718726,0.966936,0.392367
1.0,0.0,1.0,0.0001,0.1,0.626849,0.954715,0.315414
1.0,0.0,1.0,0.0001,0.01,0.755793,0.965127,0.433966
1.0,0.0,1.0,0.0001,0.001,0.778896,0.968094,0.466191
1.0,0.0,1.0,0.0001,0.0001,0.758281,0.964348,0.393953
1.0,0.0,10.0,0.01,0.1,0.788547,0.97358,0.457379
1.0,0.0,10.0,0.01,0.01,0.753523,0.966616,0.335663
1.0,0.0,10.0,0.01,0.001,0.725701,0.963842,0.332584
1.0,0.0,10.0,0.01,0.0001,0.737825,0.966662,0.348861
1.0,0.0,10.0,0.001,0.1,0.759394,0.96873,0.386773
1.0,0.0,10.0,0.001,0.01,0.780556,0.967222,0.434157
1.0,0.0,10.0,0.001,0.001,0.763832,0.973446,0.435915
1.0,0.0,10.0,0.001,0.0001,0.792785,0.964212,0.466893
1.0,0.0,10.0,0.0001,0.1,0.722823,0.967741,0.402334
1.0,0.0,10.0,0.0001,0.01,0.741865,0.974844,0.457994
1.0,0.0,10.0,0.0001,0.001,0.751466,0.966874,0.422287
1.0,0.0,10.0,0.0001,0.0001,0.757666,0.968851,0.398726
1.0,0.1,0.0,0.01,0.1,0.583906,0.954169,0.200253
1.0,0.1,0.0,0.01,0.01,0.715258,0.966586,0.407856
1.0,0.1,0.0,0.01,0.001,0.785874,0.977767,0.467623
1.0,0.1,0.0,0.01,0.0001,0.806137,0.975815,0.511664
1.0,0.1,0.0,0.001,0.1,0.782615,0.973735,0.491909
1.0,0.1,0.0,0.001,0.01,0.778618,0.974649,0.473932
1.0,0.1,0.0,0.001,0.001,0.758428,0.975092,0.435199
1.0,0.1,0.0,0.001,0.0001,0.755212,0.96945,0.424356
1.0,0.1,0.0,0.0001,0.1,0.787945,0.971984,0.49002
1.0,0.1,0.0,0.0001,0.01,0.763586,0.971009,0.429028
1.0,0.1,0.0,0.0001,0.001,0.760192,0.971599,0.478995
1.0,0.1,0.0,0.0001,0.0001,0.754122,0.968931,0.4412
1.0,0.1,0.1,0.01,0.1,0.675612,0.961429,0.350653
1.0,0.1,0.1,0.01,0.01,0.772206,0.966994,0.45202
1.0,0.1,0.1,0.01,0.001,0.756144,0.97483,0.480611
1.0,0.1,0.1,0.01,0.0001,0.779035,0.969037,0.437012
1.0,0.1,0.1,0.001,0.1,0.752579,0.970217,0.437013
1.0,0.1,0.1,0.001,0.01,0.791096,0.970846,0.486588
1.0,0.1,0.1,0.001,0.001,0.790152,0.974711,0.495385
1.0,0.1,0.1,0.001,0.0001,0.740006,0.973616,0.401902
1.0,0.1,0.1,0.0001,0.1,0.727626,0.964184,0.42794
1.0,0.1,0.1,0.0001,0.01,0.752979,0.969288,0.404707
1.0,0.1,0.1,0.0001,0.001,0.721425,0.967502,0.388356
1.0,0.1,0.1,0.0001,0.0001,0.770424,0.972359,0.439367
1.0,0.1,1.0,0.01,0.1,0.724497,0.965731,0.362731
1.0,0.1,1.0,0.01,0.01,0.760856,0.969942,0.447603
1.0,0.1,1.0,0.01,0.001,0.768417,0.971281,0.377691
1.0,0.1,1.0,0.01,0.0001,0.746825,0.97526,0.459243
1.0,0.1,1.0,0.001,0.1,0.76379,0.969685,0.471797
1.0,0.1,1.0,0.001,0.01,0.781776,0.974441,0.478189
1.0,0.1,1.0,0.001,0.001,0.765898,0.976771,0.458256
1.0,0.1,1.0,0.001,0.0001,0.75643,0.971403,0.423323
1.0,0.1,1.0,0.0001,0.1,0.724047,0.967635,0.366755
1.0,0.1,1.0,0.0001,0.01,0.794733,0.972309,0.482307
1.0,0.1,1.0,0.0001,0.001,0.762901,0.970566,0.470435
1.0,0.1,1.0,0.0001,0.0001,0.720288,0.964153,0.423408
1.0,0.1,10.0,0.01,0.1,0.775884,0.969568,0.447943
1.0,0.1,10.0,0.01,0.01,0.764644,0.969497,0.442611
1.0,0.1,10.0,0.01,0.001,0.76591,0.971167,0.408697
1.0,0.1,10.0,0.01,0.0001,0.768035,0.969809,0.416932
1.0,0.1,10.0,0.001,0.1,0.673187,0.955387,0.293109
1.0,0.1,10.0,0.001,0.01,0.716332,0.959313,0.34153
1.0,0.1,10.0,0.001,0.001,0.687377,0.956138,0.33918
1.0,0.1,10.0,0.001,0.0001,0.744668,0.96026,0.409597
1.0,0.1,10.0,0.0001,0.1,0.744099,0.965451,0.431222
1.0,0.1,10.0,0.0001,0.01,0.758816,0.97018,0.421496
1.0,0.1,10.0,0.0001,0.001,0.73051,0.970174,0.398821
1.0,0.1,10.0,0.0001,0.0001,0.762792,0.966482,0.407293
1.0,1.0,0.0,0.01,0.1,0.738898,0.964113,0.406117
1.0,1.0,0.0,0.01,0.01,0.784453,0.9739,0.480716
1.0,1.0,0.0,0.01,0.001,0.814592,0.97927,0.488362
1.0,1.0,0.0,0.01,0.0001,0.774501,0.977774,0.459964
1.0,1.0,0.0,0.001,0.1,0.781182,0.977184,0.515653
1.0,1.0,0.0,0.001,0.01,0.779803,0.973718,0.455819
1.0,1.0,0.0,0.001,0.001,0.773081,0.976345,0.451938
1.0,1.0,0.0,0.001,0.0001,0.745729,0.967368,0.389463
1.0,1.0,0.0,0.0001,0.1,0.785524,0.969106,0.455073
1.0,1.0,0.0,0.0001,0.01,0.764077,0.972115,0.419304
1.0,1.0,0.0,0.0001,0.001,0.739166,0.970094,0.412831
1.0,1.0,0.0,0.0001,0.0001,0.734222,0.971334,0.422112
1.0,1.0,0.1,0.01,0.1,0.763902,0.963021,0.433635
1.0,1.0,0.1,0.01,0.01,0.802013,0.973246,0.498122
1.0,1.0,0.1,0.01,0.001,0.834923,0.978454,0.499332
1.0,1.0,0.1,0.01,0.0001,0.806336,0.976051,0.44505
1.0,1.0,0.1,0.001,0.1,0.731597,0.972787,0.422638
1.0,1.0,0.1,0.001,0.01,0.770441,0.972253,0.459051
1.0,1.0,0.1,0.001,0.001,0.781618,0.972335,0.476955
1.0,1.0,0.1,0.001,0.0001,0.781876,0.972345,0.454689
1.0,1.0,0.1,0.0001,0.1,0.752237,0.96763,0.451007
1.0,1.0,0.1,0.0001,0.01,0.705938,0.965191,0.341996
1.0,1.0,0.1,0.0001,0.001,0.732536,0.971951,0.431612
1.0,1.0,0.1,0.0001,0.0001,0.785646,0.972794,0.448789
1.0,1.0,1.0,0.01,0.1,0.779469,0.968947,0.46036
1.0,1.0,1.0,0.01,0.01,0.75472,0.96729,0.439932
1.0,1.0,1.0,0.01,0.001,0.782607,0.977396,0.454684
1.0,1.0,1.0,0.01,0.0001,0.744308,0.974252,0.466681
1.0,1.0,1.0,0.001,0.1,0.78046,0.972428,0.473103
1.0,1.0,1.0,0.001,0.01,0.772671,0.968929,0.447762
1.0,1.0,1.0,0.001,0.001,0.733199,0.968977,0.375615
1.0,1.0,1.0,0.001,0.0001,0.763256,0.966317,0.435135
1.0,1.0,1.0,0.0001,0.1,0.790962,0.972398,0.466862
1.0,1.0,1.0,0.0001,0.01,0.768349,0.970138,0.408423
1.0,1.0,1.0,0.0001,0.001,0.653626,0.959902,0.296187
1.0,1.0,1.0,0.0001,0.0001,0.795616,0.97247,0.482991
1.0,1.0,10.0,0.01,0.1,0.80492,0.97668,0.488509
1.0,1.0,10.0,0.01,0.01,0.774889,0.972205,0.39822
1.0,1.0,10.0,0.01,0.001,0.73617,0.96944,0.374388
1.0,1.0,10.0,0.01,0.0001,0.72838,0.97022,0.43178
1.0,1.0,10.0,0.001,0.1,0.790215,0.979102,0.463932
1.0,1.0,10.0,0.001,0.01,0.747004,0.974064,0.43894
1.0,1.0,10.0,0.001,0.001,0.796309,0.977558,0.493212
1.0,1.0,10.0,0.001,0.0001,0.796602,0.971913,0.439422
1.0,1.0,10.0,0.0001,0.1,0.78251,0.973672,0.466102
1.0,1.0,10.0,0.0001,0.01,0.734171,0.973416,0.392533
1.0,1.0,10.0,0.0001,0.001,0.775911,0.973693,0.45485
1.0,1.0,10.0,0.0001,0.0001,0.711789,0.957496,0.36424
1.0,10.0,0.0,0.01,0.1,0.786827,0.973292,0.466369
1.0,10.0,0.0,0.01,0.01,0.810424,0.9767,0.498565
1.0,10.0,0.0,0.01,0.001,0.770184,0.977765,0.433095
1.0,10.0,0.0,0.01,0.0001,0.791703,0.978026,0.440123
1.0,10.0,0.0,0.001,0.1,0.756104,0.971161,0.410829
1.0,10.0,0.0,0.001,0.01,0.749396,0.973476,0.44109
1.0,10.0,0.0,0.001,0.001,0.776924,0.9725,0.41432
1.0,10.0,0.0,0.001,0.0001,0.775014,0.975607,0.432784
1.0,10.0,0.0,0.0001,0.1,0.777463,0.97205,0.485027
1.0,10.0,0.0,0.0001,0.01,0.783655,0.970286,0.435071
1.0,10.0,0.0,0.0001,0.001,0.712626,0.964518,0.415764
1.0,10.0,0.0,0.0001,0.0001,0.746374,0.971526,0.410694
1.0,10.0,0.1,0.01,0.1,0.791543,0.973386,0.477218
1.0,10.0,0.1,0.01,0.01,0.798014,0.976411,0.476893
1.0,10.0,0.1,0.01,0.001,0.794039,0.975961,0.469609
1.0,10.0,0.1,0.01,0.0001,0.775188,0.975965,0.45062
1.0,10.0,0.1,0.001,0.1,0.784708,0.974485,0.452493
1.0,10.0,0.1,0.001,0.01,0.719543,0.966563,0.384743
1.0,10.0,0.1,0.001,0.001,0.767791,0.967571,0.423279
1.0,10.0,0.1,0.001,0.0001,0.779021,0.972355,0.46305
1.0,10.0,0.1,0.0001,0.1,0.721443,0.960778,0.374665
1.0,10.0,0.1,0.0001,0.01,0.779298,0.971431,0.47588
1.0,10.0,0.1,0.0001,0.001,0.784204,0.972415,0.486556
1.0,10.0,0.1,0.0001,0.0001,0.679492,0.956745,0.347807
1.0,10.0,1.0,0.01,0.1,0.765661,0.976675,0.47729
1.0,10.0,1.0,0.01,0.01,0.811133,0.97903,0.454782
1.0,10.0,1.0,0.01,0.001,0.794778,0.976679,0.440848
1.0,10.0,1.0,0.01,0.0001,0.784465,0.975817,0.434079
1.0,10.0,1.0,0.001,0.1,0.753578,0.96903,0.429962
1.0,10.0,1.0,0.001,0.01,0.796447,0.970588,0.438976
1.0,10.0,1.0,0.001,0.001,0.751082,0.96767,0.414408
1.0,10.0,1.0,0.001,0.0001,0.784811,0.972437,0.461816
1.0,10.0,1.0,0.0001,0.1,0.785861,0.968959,0.439481
1.0,10.0,1.0,0.0001,0.01,0.764924,0.969105,0.460084
1.0,10.0,1.0,0.0001,0.001,0.547931,0.95114,0.128976
1.0,10.0,1.0,0.0001,0.0001,0.769407,0.968613,0.438391
1.0,10.0,10.0,0.01,0.1,0.775399,0.968455,0.441281
1.0,10.0,10.0,0.01,0.01,0.702388,0.970944,0.399394
1.0,10.0,10.0,0.01,0.001,0.755063,0.968718,0.41968
1.0,10.0,10.0,0.01,0.0001,0.755832,0.969733,0.372696
1.0,10.0,10.0,0.001,0.1,0.747486,0.961246,0.406343
1.0,10.0,10.0,0.001,0.01,0.742708,0.970639,0.40554
1.0,10.0,10.0,0.001,0.001,0.745916,0.970527,0.412577
1.0,10.0,10.0,0.001,0.0001,0.674274,0.963815,0.338033
1.0,10.0,10.0,0.0001,0.1,0.771279,0.974177,0.461328
1.0,10.0,10.0,0.0001,0.01,0.613835,0.945101,0.249829
1.0,10.0,10.0,0.0001,0.001,0.72725,0.965501,0.411147
1.0,10.0,10.0,0.0001,0.0001,0.767337,0.975756,0.465652
