alpha,l1,l2,lr,wd,AUC,nDCG,KT
1.0,0.0,0.1,0.1,0.01,0.940462,0.994497,0.275639
1.0,0.0,0.1,0.1,0.001,0.981898,0.99838,0.342319
1.0,0.0,0.1,0.1,0.0001,0.95496,0.995543,0.299964
1.0,0.0,0.1,0.01,0.01,0.969501,0.99724,0.327447
1.0,0.0,0.1,0.01,0.001,0.983682,0.9967,0.282819
1.0,0.0,0.1,0.01,0.0001,0.794396,0.985354,0.166812
1.0,0.0,0.1,0.001,0.01,0.834837,0.987471,0.227077
1.0,0.0,0.1,0.001,0.001,0.801534,0.981818,0.171859
1.0,0.0,0.1,0.001,0.0001,0.715668,0.971639,0.117807
1.0,0.0,0.1,0.0001,0.01,0.781174,0.984467,0.158097
1.0,0.0,0.1,0.0001,0.001,0.807344,0.979928,0.184412
1.0,0.0,0.1,0.0001,0.0001,0.900447,0.98513,0.219477
1.0,0.0,1.0,0.1,0.01,0.982784,0.998526,0.341337
1.0,0.0,1.0,0.1,0.001,0.972431,0.996827,0.31928
1.0,0.0,1.0,0.1,0.0001,0.97001,0.997233,0.328872
1.0,0.0,1.0,0.01,0.01,0.982181,0.996697,0.279526
1.0,0.0,1.0,0.01,0.001,0.819032,0.984103,0.169224
1.0,0.0,1.0,0.01,0.0001,0.750592,0.98324,0.145245
1.0,0.0,1.0,0.001,0.01,0.846655,0.976351,0.190858
1.0,0.0,1.0,0.001,0.001,0.783096,0.973838,0.155625
1.0,0.0,1.0,0.001,0.0001,0.903279,0.986638,0.21522
1.0,0.0,1.0,0.0001,0.01,0.798674,0.981655,0.165294
1.0,0.0,1.0,0.0001,0.001,0.893431,0.985229,0.230608
1.0,0.0,1.0,0.0001,0.0001,0.829332,0.985592,0.192118
1.0,0.0,10.0,0.1,0.01,0.972239,0.996467,0.28598
1.0,0.0,10.0,0.1,0.001,0.966326,0.99577,0.278591
1.0,0.0,10.0,0.1,0.0001,0.935301,0.994351,0.269708
1.0,0.0,10.0,0.01,0.01,0.735599,0.981722,0.126004
1.0,0.0,10.0,0.01,0.001,0.875691,0.989427,0.206108
1.0,0.0,10.0,0.01,0.0001,0.8153,0.984988,0.183201
1.0,0.0,10.0,0.001,0.01,0.742746,0.969683,0.14456
1.0,0.0,10.0,0.001,0.001,0.747427,0.964295,0.121183
1.0,0.0,10.0,0.001,0.0001,0.865388,0.980041,0.201822
1.0,0.0,10.0,0.0001,0.01,0.876849,0.987599,0.22996
1.0,0.0,10.0,0.0001,0.001,0.886769,0.988838,0.233696
1.0,0.0,10.0,0.0001,0.0001,0.844695,0.986184,0.200019
1.0,0.1,0.0,0.1,0.01,0.964526,0.995888,0.289771
1.0,0.1,0.0,0.1,0.001,0.985021,0.998545,0.348009
1.0,0.1,0.0,0.1,0.0001,0.983397,0.997566,0.341124
1.0,0.1,0.0,0.01,0.01,0.979467,0.997593,0.346333
1.0,0.1,0.0,0.01,0.001,0.981569,0.99792,0.34986
1.0,0.1,0.0,0.01,0.0001,0.979339,0.998549,0.342967
1.0,0.1,0.0,0.001,0.01,0.98357,0.998489,0.346686
1.0,0.1,0.0,0.001,0.001,0.98197,0.998318,0.347034
1.0,0.1,0.0,0.001,0.0001,0.982192,0.998314,0.346107
1.0,0.1,0.0,0.0001,0.01,0.983047,0.998797,0.352433
1.0,0.1,0.0,0.0001,0.001,0.98249,0.997974,0.33069
1.0,0.1,0.0,0.0001,0.0001,0.981326,0.998218,0.334067
1.0,0.1,0.1,0.1,0.01,0.977855,0.997218,0.342446
1.0,0.1,0.1,0.1,0.001,0.983061,0.998801,0.356331
1.0,0.1,0.1,0.1,0.0001,0.983605,0.998964,0.354782
1.0,0.1,0.1,0.01,0.01,0.977644,0.997273,0.338981
1.0,0.1,0.1,0.01,0.001,0.970824,0.99538,0.316852
1.0,0.1,0.1,0.01,0.0001,0.981066,0.996932,0.3076
1.0,0.1,0.1,0.001,0.01,0.981918,0.99793,0.329302
1.0,0.1,0.1,0.001,0.001,0.98233,0.998238,0.334684
1.0,0.1,0.1,0.001,0.0001,0.983504,0.998263,0.337948
1.0,0.1,0.1,0.0001,0.01,0.967663,0.995003,0.30362
1.0,0.1,0.1,0.0001,0.001,0.977361,0.997343,0.326877
1.0,0.1,0.1,0.0001,0.0001,0.939626,0.993579,0.287337
1.0,0.1,1.0,0.1,0.01,0.982846,0.998324,0.334214
1.0,0.1,1.0,0.1,0.001,0.898788,0.992453,0.248883
1.0,0.1,1.0,0.1,0.0001,0.960615,0.99564,0.309421
1.0,0.1,1.0,0.01,0.01,0.981181,0.998144,0.33377
1.0,0.1,1.0,0.01,0.001,0.816146,0.982517,0.180557
1.0,0.1,1.0,0.01,0.0001,0.710997,0.974497,0.127654
1.0,0.1,1.0,0.001,0.01,0.836679,0.976766,0.181008
1.0,0.1,1.0,0.001,0.001,0.885481,0.982977,0.214937
1.0,0.1,1.0,0.001,0.0001,0.890634,0.983824,0.225175
1.0,0.1,1.0,0.0001,0.01,0.800364,0.981386,0.171656
1.0,0.1,1.0,0.0001,0.001,0.855267,0.984002,0.211051
1.0,0.1,1.0,0.0001,0.0001,0.914716,0.98637,0.242964
1.0,0.1,10.0,0.1,0.01,0.937069,0.993329,0.251526
1.0,0.1,10.0,0.1,0.001,0.875717,0.988705,0.218982
1.0,0.1,10.0,0.1,0.0001,0.960571,0.996136,0.299144
1.0,0.1,10.0,0.01,0.01,0.844101,0.988382,0.206991
1.0,0.1,10.0,0.01,0.001,0.841311,0.986899,0.194826
1.0,0.1,10.0,0.01,0.0001,0.735582,0.976923,0.124752
1.0,0.1,10.0,0.001,0.01,0.766437,0.965137,0.140637
1.0,0.1,10.0,0.001,0.001,0.768802,0.971849,0.15116
1.0,0.1,10.0,0.001,0.0001,0.820703,0.975845,0.175091
1.0,0.1,10.0,0.0001,0.01,0.839508,0.985288,0.196657
1.0,0.1,10.0,0.0001,0.001,0.841492,0.983145,0.190475
1.0,0.1,10.0,0.0001,0.0001,0.832098,0.978957,0.191439
1.0,1.0,0.0,0.1,0.01,0.985166,0.998479,0.34966
1.0,1.0,0.0,0.1,0.001,0.983376,0.997392,0.330844
1.0,1.0,0.0,0.1,0.0001,0.983859,0.99839,0.339627
1.0,1.0,0.0,0.01,0.01,0.983369,0.997942,0.344474
1.0,1.0,0.0,0.01,0.001,0.986376,0.998503,0.339645
1.0,1.0,0.0,0.01,0.0001,0.981489,0.998372,0.34159
1.0,1.0,0.0,0.001,0.01,0.982614,0.998604,0.350831
1.0,1.0,0.0,0.001,0.001,0.983753,0.998555,0.353171
1.0,1.0,0.0,0.001,0.0001,0.983314,0.998568,0.353421
1.0,1.0,0.0,0.0001,0.01,0.983276,0.998526,0.3412
1.0,1.0,0.0,0.0001,0.001,0.97973,0.998465,0.34028
1.0,1.0,0.0,0.0001,0.0001,0.981333,0.998301,0.344704
1.0,1.0,0.1,0.1,0.01,0.983767,0.998333,0.351314
1.0,1.0,0.1,0.1,0.001,0.980731,0.997824,0.339852
1.0,1.0,0.1,0.1,0.0001,0.984425,0.997681,0.320614
1.0,1.0,0.1,0.01,0.01,0.983767,0.998146,0.346087
1.0,1.0,0.1,0.01,0.001,0.984311,0.998477,0.3444
1.0,1.0,0.1,0.01,0.0001,0.981008,0.998364,0.344017
1.0,1.0,0.1,0.001,0.01,0.984688,0.998937,0.356766
1.0,1.0,0.1,0.001,0.001,0.980097,0.99861,0.351219
1.0,1.0,0.1,0.001,0.0001,0.982718,0.998861,0.355748
1.0,1.0,0.1,0.0001,0.01,0.983521,0.997643,0.330104
1.0,1.0,0.1,0.0001,0.001,0.983473,0.997825,0.330442
1.0,1.0,0.1,0.0001,0.0001,0.983061,0.998324,0.336456
1.0,1.0,1.0,0.1,0.01,0.982793,0.999219,0.35949
1.0,1.0,1.0,0.1,0.001,0.980935,0.998557,0.353955
1.0,1.0,1.0,0.1,0.0001,0.981517,0.99831,0.335236
1.0,1.0,1.0,0.01,0.01,0.982441,0.997605,0.326906
1.0,1.0,1.0,0.01,0.001,0.98295,0.998016,0.331465
1.0,1.0,1.0,0.01,0.0001,0.976115,0.996612,0.323741
1.0,1.0,1.0,0.001,0.01,0.980353,0.9977,0.327669
1.0,1.0,1.0,0.001,0.001,0.9826,0.997218,0.314401
1.0,1.0,1.0,0.001,0.0001,0.98313,0.997351,0.322075
1.0,1.0,1.0,0.0001,0.01,0.97992,0.997768,0.334372
1.0,1.0,1.0,0.0001,0.001,0.95607,0.995178,0.280823
1.0,1.0,1.0,0.0001,0.0001,0.97875,0.997374,0.322231
1.0,1.0,10.0,0.1,0.01,0.972415,0.996114,0.294834
1.0,1.0,10.0,0.1,0.001,0.969211,0.99645,0.294967
1.0,1.0,10.0,0.1,0.0001,0.942462,0.994302,0.289369
1.0,1.0,10.0,0.01,0.01,0.86129,0.983409,0.200116
1.0,1.0,10.0,0.01,0.001,0.827464,0.983702,0.192042
1.0,1.0,10.0,0.01,0.0001,0.70464,0.978842,0.133558
1.0,1.0,10.0,0.001,0.01,0.793849,0.97122,0.160049
1.0,1.0,10.0,0.001,0.001,0.810952,0.974456,0.181521
1.0,1.0,10.0,0.001,0.0001,0.832015,0.973526,0.178008
1.0,1.0,10.0,0.0001,0.01,0.792562,0.984902,0.194141
1.0,1.0,10.0,0.0001,0.001,0.840325,0.987078,0.196195
1.0,1.0,10.0,0.0001,0.0001,0.87053,0.986636,0.235253
1.0,10.0,0.0,0.1,0.01,0.985036,0.998558,0.342915
1.0,10.0,0.0,0.1,0.001,0.982296,0.997852,0.330662
1.0,10.0,0.0,0.1,0.0001,0.983376,0.998036,0.33274
1.0,10.0,0.0,0.01,0.01,0.983684,0.998495,0.346338
1.0,10.0,0.0,0.01,0.001,0.986918,0.998642,0.347804
1.0,10.0,0.0,0.01,0.0001,0.984432,0.998583,0.34702
1.0,10.0,0.0,0.001,0.01,0.980706,0.998436,0.351144
1.0,10.0,0.0,0.001,0.001,0.981451,0.998687,0.354804
1.0,10.0,0.0,0.001,0.0001,0.984761,0.998326,0.347186
1.0,10.0,0.0,0.0001,0.01,0.97778,0.998113,0.333921
1.0,10.0,0.0,0.0001,0.001,0.981994,0.997905,0.328169
1.0,10.0,0.0,0.0001,0.0001,0.984186,0.998622,0.347199
1.0,10.0,0.1,0.1,0.01,0.982348,0.998087,0.341033
1.0,10.0,0.1,0.1,0.001,0.980159,0.997812,0.334052
1.0,10.0,0.1,0.1,0.0001,0.982452,0.997443,0.327187
1.0,10.0,0.1,0.01,0.01,0.984096,0.998387,0.338091
1.0,10.0,0.1,0.01,0.001,0.985118,0.998143,0.338313
1.0,10.0,0.1,0.01,0.0001,0.984751,0.997984,0.334461
1.0,10.0,0.1,0.001,0.01,0.980315,0.998811,0.352097
1.0,10.0,0.1,0.001,0.001,0.980959,0.998872,0.355042
1.0,10.0,0.1,0.001,0.0001,0.983947,0.998877,0.353065
1.0,10.0,0.1,0.0001,0.01,0.974245,0.998125,0.34164
1.0,10.0,0.1,0.0001,0.001,0.983199,0.998289,0.338061
1.0,10.0,0.1,0.0001,0.0001,0.982476,0.998261,0.333551
1.0,10.0,1.0,0.1,0.01,0.980301,0.99779,0.336595
1.0,10.0,1.0,0.1,0.001,0.984443,0.997612,0.323014
1.0,10.0,1.0,0.1,0.0001,0.982169,0.998078,0.335754
1.0,10.0,1.0,0.01,0.01,0.984131,0.997893,0.327318
1.0,10.0,1.0,0.01,0.001,0.985912,0.99853,0.342001
1.0,10.0,1.0,0.01,0.0001,0.986202,0.998479,0.34131
1.0,10.0,1.0,0.001,0.01,0.981856,0.998471,0.351019
1.0,10.0,1.0,0.001,0.001,0.981087,0.998614,0.350343
1.0,10.0,1.0,0.001,0.0001,0.9826,0.998434,0.353359
1.0,10.0,1.0,0.0001,0.01,0.97768,0.998458,0.342674
1.0,10.0,1.0,0.0001,0.001,0.980332,0.998307,0.33762
1.0,10.0,1.0,0.0001,0.0001,0.982746,0.998547,0.343319
1.0,10.0,10.0,0.1,0.01,0.981468,0.998086,0.345031
1.0,10.0,10.0,0.1,0.001,0.984221,0.998326,0.337372
1.0,10.0,10.0,0.1,0.0001,0.985156,0.998754,0.347861
1.0,10.0,10.0,0.01,0.01,0.978795,0.996553,0.318591
1.0,10.0,10.0,0.01,0.001,0.98215,0.997699,0.321885
1.0,10.0,10.0,0.01,0.0001,0.983795,0.997746,0.321477
1.0,10.0,10.0,0.001,0.01,0.973296,0.996411,0.306762
1.0,10.0,10.0,0.001,0.001,0.98304,0.997189,0.311613
1.0,10.0,10.0,0.001,0.0001,0.98008,0.997698,0.330331
1.0,10.0,10.0,0.0001,0.01,0.981707,0.996935,0.316988
1.0,10.0,10.0,0.0001,0.001,0.969436,0.995234,0.295782
1.0,10.0,10.0,0.0001,0.0001,0.978695,0.996461,0.311521
