alpha,l1,l2,lr,wd,AUC,nDCG,KT
1.0,1.0,0.0,0.01,0.1,0.506518,0.936129,0.303608
1.0,1.0,0.0,0.01,0.01,0.508446,0.927595,0.108479
1.0,1.0,0.0,0.01,0.001,0.495691,0.92437,0.061963
1.0,1.0,0.0,0.01,0.0001,0.479553,0.925857,0.082226
1.0,1.0,0.1,0.01,0.1,0.507458,0.934317,0.318665
1.0,1.0,0.1,0.01,0.01,0.494055,0.927534,0.119673
1.0,1.0,0.1,0.01,0.001,0.498921,0.925444,0.079548
1.0,1.0,0.1,0.01,0.0001,0.473806,0.925388,0.059051
1.0,1.0,0.2,0.01,0.1,0.533001,0.9357,0.271243
1.0,1.0,0.2,0.01,0.01,0.473477,0.927252,0.106632
1.0,1.0,0.2,0.01,0.001,0.506035,0.925205,0.065682
1.0,1.0,0.2,0.01,0.0001,0.512117,0.924711,0.054546
1.0,1.0,0.3,0.01,0.1,0.475428,0.932573,0.235857
1.0,1.0,0.3,0.01,0.01,0.510439,0.926388,0.090451
1.0,1.0,0.3,0.01,0.001,0.50339,0.925785,0.078842
1.0,1.0,0.3,0.01,0.0001,0.495131,0.925353,0.052727
1.0,1.0,0.4,0.01,0.1,0.507953,0.933642,0.220299
1.0,1.0,0.4,0.01,0.01,0.490266,0.927508,0.120065
1.0,1.0,0.4,0.01,0.001,0.480917,0.924529,0.052854
1.0,1.0,0.4,0.01,0.0001,0.496694,0.924738,0.062955
1.0,1.0,0.5,0.01,0.1,0.476231,0.93453,0.253804
1.0,1.0,0.5,0.01,0.01,0.504883,0.925338,0.07346
1.0,1.0,0.5,0.01,0.001,0.489551,0.926685,0.084345
1.0,1.0,0.5,0.01,0.0001,0.483102,0.926138,0.080862
1.0,1.0,0.6,0.01,0.1,0.522911,0.932994,0.226461
1.0,1.0,0.6,0.01,0.01,0.51998,0.929403,0.125773
1.0,1.0,0.6,0.01,0.001,0.500991,0.925852,0.073231
1.0,1.0,0.6,0.01,0.0001,0.490998,0.925075,0.069446
1.0,1.0,0.7,0.01,0.1,0.516772,0.931252,0.157904
1.0,1.0,0.7,0.01,0.01,0.498365,0.927837,0.09703
1.0,1.0,0.7,0.01,0.001,0.497963,0.925978,0.078589
1.0,1.0,0.7,0.01,0.0001,0.493479,0.925398,0.077029
1.0,1.0,0.8,0.01,0.1,0.504275,0.93375,0.252134
1.0,1.0,0.8,0.01,0.01,0.507212,0.927586,0.126069
1.0,1.0,0.8,0.01,0.001,0.499745,0.925196,0.057712
1.0,1.0,0.8,0.01,0.0001,0.498434,0.925767,0.095087
1.0,1.0,0.9,0.01,0.1,0.523865,0.933703,0.240834
1.0,1.0,0.9,0.01,0.01,0.482854,0.927735,0.109576
1.0,1.0,0.9,0.01,0.001,0.498144,0.924979,0.05404
1.0,1.0,0.9,0.01,0.0001,0.501956,0.924538,0.052578
1.0,1.0,1.0,0.01,0.1,0.50988,0.934233,0.264776
1.0,1.0,1.0,0.01,0.01,0.533826,0.927048,0.08906
1.0,1.0,1.0,0.01,0.001,0.474114,0.924804,0.05537
1.0,1.0,1.0,0.01,0.0001,0.503873,0.925032,0.068217
1.0,1.0,2.0,0.01,0.1,0.51669,0.934383,0.247346
1.0,1.0,2.0,0.01,0.01,0.508534,0.927214,0.087551
1.0,1.0,2.0,0.01,0.001,0.521683,0.925697,0.073757
1.0,1.0,2.0,0.01,0.0001,0.486048,0.925529,0.067808
1.0,1.0,3.0,0.01,0.1,0.507734,0.93245,0.234269
1.0,1.0,3.0,0.01,0.01,0.5048,0.925581,0.081738
1.0,1.0,3.0,0.01,0.001,0.513456,0.925043,0.060838
1.0,1.0,3.0,0.01,0.0001,0.506827,0.925541,0.068157
1.0,1.0,4.0,0.01,0.1,0.515561,0.931362,0.177365
1.0,1.0,4.0,0.01,0.01,0.531358,0.926318,0.07709
1.0,1.0,4.0,0.01,0.001,0.532128,0.925012,0.052571
1.0,1.0,4.0,0.01,0.0001,0.48642,0.925288,0.062573
1.0,1.0,5.0,0.01,0.1,0.53582,0.928473,0.120867
1.0,1.0,5.0,0.01,0.01,0.499458,0.925511,0.062677
1.0,1.0,5.0,0.01,0.001,0.498255,0.924904,0.065612
1.0,1.0,5.0,0.01,0.0001,0.499217,0.92434,0.055826
1.0,1.0,6.0,0.01,0.1,0.524269,0.927997,0.147312
1.0,1.0,6.0,0.01,0.01,0.510009,0.926275,0.08673
1.0,1.0,6.0,0.01,0.001,0.48874,0.924998,0.059179
1.0,1.0,6.0,0.01,0.0001,0.493492,0.924883,0.062723
1.0,1.0,7.0,0.01,0.1,0.502193,0.926904,0.117808
1.0,1.0,7.0,0.01,0.01,0.478181,0.924805,0.061123
1.0,1.0,7.0,0.01,0.001,0.507515,0.926362,0.10471
1.0,1.0,7.0,0.01,0.0001,0.506408,0.925446,0.06355
1.0,1.0,8.0,0.01,0.1,0.532444,0.929094,0.140693
1.0,1.0,8.0,0.01,0.01,0.507458,0.925265,0.069419
1.0,1.0,8.0,0.01,0.001,0.490792,0.925279,0.058156
1.0,1.0,8.0,0.01,0.0001,0.476412,0.925838,0.075822
1.0,1.0,9.0,0.01,0.1,0.516054,0.927888,0.12287
1.0,1.0,9.0,0.01,0.01,0.512894,0.925979,0.0933
1.0,1.0,9.0,0.01,0.001,0.506027,0.926192,0.087039
1.0,1.0,9.0,0.01,0.0001,0.519357,0.925767,0.071679
1.0,1.0,10.0,0.01,0.1,0.521023,0.928235,0.131097
1.0,1.0,10.0,0.01,0.01,0.483867,0.925151,0.051469
1.0,1.0,10.0,0.01,0.001,0.499629,0.924478,0.049222
1.0,1.0,10.0,0.01,0.0001,0.509441,0.926302,0.094012
